PROVARETE
40
45
50
55
60
64
64
64
64
65
65
65
65
65
65
50
49
50
49
50
49
50
49
50
49
50
49
50
49
50
49
50
49
50
49
50
49
50
49
50
49
50
49
50
49
50
49
50
49
50
49
50
49
50
49
50
49
50
49
50
49
50
49
50
49
50
49
50
49
50
49
50
49
50
49
50
49
50
49
50
49
50
49
50
49
50
49
50
49
50
49
50
49
50
49
50
49
50
49
50
49
50
49
50
49
50
49
50
49
50
49
50
49
50
49
50
49
50
49
50
49
50
49
50
49
50
49
50
49
50
49
50
49
50
49
50
49
50
49
50
49
50
49
50
49
50
49
50
49
50
49
50
49
50
49
50
49
50
49
50
49
50
49
50
49
50
49
50
49
50
49
50
49
50
49
50
49
50
49
50
49
50
49
50
49
50
49
50
49
50
49
50
49
50
49
50
49
50
49
50
49
50
49
50
49
50
49
50
49
50
49
50
49
50
49
50
49
50
49
50
49
50
49
50
49
50
49
50
49
50
49
50
49
50
49
50
49
50
49
50
49
50
49
50
49
50
49
50
49
50
49
50
49
50
49
50
49
50
49
50
49
50
49
50
49
50
49
50
49
50
49
50
49
50
49
50
49
50
49
50
49
50
49
50
49
50
49
50
49
50
49
50
49
50
49
50
49
50
49
50
49
50
49
50
49
50
49
50
49
50
49
50
49
50
49
50
49
50
49
50
49
50
49
50
49
50
49
50
49
50
49
50
49
50
49
50
49
50
49
50
49
50
49
50
49
50
49
50
49
50
49
50
49
50
49
50
49
50
49
50
49
50
49
50
49
50
49
50
49
50
49
50
49
50
49
50
49
50
49
50
49
50
49
50
49
50
49
50
49
50
49
50
49
50
49
50
49
50
49
50
49
50
49
50