NETGEAR 01:02:03:04:05:06 50
50
50
48
46
48
50
51
52
53
53
53
65
50
49
50
49
50
49
50
49
50
49
50
49
50
49
50
49
50
49
50
49
50
49
50
49
50
49
50
49
50
49
50
49
50
49
50
49
50
50
49
50
50
49
50
49
50
49
50
49
50
49
50
49
50
49
50
49
50
49
50
49
50
49
50
50
49
50
50
49
50
49
50
49
50
49
50
49
50
49
50
49
50
49
50
49
50
49
50
49
50
50
49
50
50
49
50
49
50
49
50
49
50
49
50
49
50
49
50
49
50
49
50
49
50
49
50
50
49
50
50
49
50
49
50
49
50
49
50
49
50
49
50
49
50
49
50
49
50
49
50
49
50
50
49
50
50
49
50
49
50
49
50
49
50
49
50
49
50
49
50
49
50
49
50
49
50
49
50
50
49
50
50
49
50
49
50
49
50
49
50
49
50
49
50
49
50
49
50
49
50
49
50
49
50
50
49
50
50
49
50
49
50
49
50
49
50
49
50
49
50
49
50
49
50
49
50
49
50
49
50
50
49
50
50
49
50
49
50
49
50
49
50
49
50
49
50
49
50
49
50
49
50
49
50
49
50
50
49
50
50
49
50
49
50
49
50
49
50
49
50
49
50
49
50
49
50
49
50
49
50
49
50
50
49
50
50
49
50
49
50
49
50
49
50
49
50
49
50
49
50
49
50
49
50
49
50
49
50
50
49
50
50
49
50
49
50
49
50
49
50
49
50
49
50
49
50
49
50
49
50
49
50
49
50
50
49
50
50
49
50
49
50
49
50
49
50
49
50
49
50
49
50
49
50
49
50
49
50
49
50
50
49
50
50
49
50
49
50
49
50
49
50
49
50
49
50
49
50
49
50
49
50
49
50
49
50
50
49
50
50
49
50
49
50
49
50
49
50
49
50
49
50
49
50